      0/99    0.828G    0.0912    0.2895         0    0.3807       248       640    0.6439    0.6665    0.6654    0.2228   0.05994    0.2148         0
      1/99    0.826G   0.06422    0.2851         0    0.3493       392       640    0.6608    0.6662    0.6791    0.2197   0.05606    0.2116         0
      2/99    0.826G   0.06325    0.3354         0    0.3987       238       640    0.6028    0.5362    0.5498     0.196   0.05949    0.2939         0
      3/99    0.826G      0.06    0.3358         0    0.3958       193       640    0.7934    0.6758    0.7683    0.3378   0.05095    0.2411         0
      4/99    0.826G   0.05462    0.3078         0    0.3625       156       640    0.8159    0.7068    0.7958    0.3771   0.04776    0.2402         0
      5/99    0.826G   0.05224    0.3029         0    0.3552       224       640    0.8772    0.7887    0.8716    0.4203   0.04466    0.2153         0
      6/99    0.826G   0.04994    0.2873         0    0.3373       181       640     0.881    0.7738    0.8641    0.4259   0.04394    0.2144         0
      7/99    0.826G   0.04929    0.2879         0    0.3372       224       640    0.8803    0.8083    0.8853    0.4396   0.04359    0.2086         0
      8/99    0.826G   0.04853      0.28         0    0.3285       120       640     0.894    0.7886    0.8787    0.4186   0.04467    0.2104         0
      9/99    0.826G   0.04788     0.281         0    0.3289       120       640    0.9014    0.8256    0.9026    0.4628   0.04172    0.2033         0
     10/99    0.826G   0.04732    0.2758         0    0.3232       236       640    0.9036    0.8105     0.897     0.453   0.04228    0.2053         0
     11/99    0.826G   0.04654    0.2739         0    0.3204        85       640    0.9055    0.8215    0.9013    0.4551   0.04251    0.2053         0
     12/99    0.828G   0.04634    0.2686         0    0.3149       254       640    0.8938    0.8342    0.9039    0.4677   0.04142    0.2032         0
     13/99    0.828G   0.04614    0.2691         0    0.3152       102       640     0.905    0.8393     0.911     0.476   0.04082    0.1987         0
     14/99    0.828G   0.04541    0.2654         0    0.3109       213       640    0.9127    0.8471      0.92    0.4834   0.04042    0.1967         0
     15/99    0.828G   0.04516    0.2629         0    0.3081       103       640    0.9131    0.8503    0.9191    0.4853   0.04024    0.1963         0
     16/99    0.828G    0.0451    0.2648         0    0.3099       293       640    0.9132    0.8563    0.9232    0.4907   0.04007    0.1966         0
     17/99    0.828G    0.0447    0.2612         0    0.3059       236       640    0.8986    0.8665    0.9223    0.4859   0.04012    0.1957         0
     18/99    0.828G   0.04447    0.2621         0    0.3065       253       640    0.9124    0.8632    0.9255    0.4944   0.03982    0.1943         0
     19/99    0.828G   0.04445    0.2612         0    0.3057       210       640    0.9129    0.8553    0.9222    0.4861   0.03996    0.1941         0
     20/99    0.828G   0.04371     0.257         0    0.3007       124       640    0.9268     0.853    0.9274    0.4969   0.03951    0.1934         0
     21/99    0.828G   0.04389    0.2603         0    0.3042       229       640    0.9175    0.8665    0.9293    0.4996   0.03932    0.1925         0
     22/99    0.828G   0.04342    0.2566         0    0.3001       151       640    0.9133    0.8644    0.9277    0.4971   0.03961    0.1931         0
     23/99    0.828G   0.04363    0.2595         0    0.3031       203       640    0.9245    0.8643    0.9325    0.5029   0.03895    0.1913         0
     24/99    0.828G   0.04293    0.2563         0    0.2992       180       640    0.9142    0.8786    0.9329    0.5074    0.0388    0.1907         0
     25/99    0.828G   0.04287    0.2535         0    0.2964       140       640    0.9222    0.8698    0.9329    0.5078    0.0388    0.1904         0
     26/99    0.828G   0.04287    0.2516         0    0.2945       156       640    0.9263    0.8665    0.9345    0.5101   0.03866    0.1898         0
     27/99    0.828G   0.04298    0.2533         0    0.2963       226       640    0.9233    0.8651     0.934    0.5081   0.03859    0.1897         0
     28/99    0.828G   0.04258    0.2503         0    0.2929       204       640    0.9226    0.8711    0.9331    0.5044   0.03883    0.1894         0
     29/99    0.828G   0.04242    0.2516         0     0.294       355       640    0.9279    0.8688    0.9359     0.512   0.03847    0.1897         0
     30/99    0.828G   0.04208    0.2466         0    0.2887       171       640    0.9248    0.8722    0.9355    0.5068   0.03867    0.1888         0
     31/99    0.828G   0.04211    0.2508         0    0.2929       321       640    0.9181    0.8789    0.9353    0.5132   0.03847    0.1889         0
     32/99    0.828G   0.04203    0.2497         0    0.2917       233       640    0.9275     0.875    0.9371    0.5166   0.03818    0.1879         0
     33/99    0.828G   0.04235    0.2535         0    0.2958       183       640    0.9282    0.8762    0.9379    0.5168   0.03818    0.1879         0
     34/99    0.828G   0.04182    0.2496         0    0.2914       149       640    0.9244    0.8792    0.9404    0.5165   0.03808    0.1881         0
     35/99    0.828G   0.04191    0.2473         0    0.2892       333       640    0.9237     0.877    0.9378    0.5189   0.03801    0.1878         0
     36/99    0.828G   0.04162    0.2489         0    0.2905       317       640    0.9232    0.8783    0.9376    0.5198   0.03803    0.1877         0
     37/99    0.828G   0.04138    0.2486         0    0.2899       187       640    0.9256    0.8761    0.9377    0.5171   0.03803    0.1879         0
     38/99    0.828G   0.04158    0.2468         0    0.2884       141       640    0.9249    0.8774    0.9378    0.5153   0.03816    0.1878         0
     39/99    0.828G   0.04148    0.2459         0    0.2874       262       640    0.9219    0.8837    0.9415    0.5227    0.0378    0.1869         0
     40/99    0.828G   0.04127    0.2467         0    0.2879       336       640    0.9224    0.8852    0.9425    0.5238    0.0378    0.1867         0
     41/99    0.828G    0.0413    0.2447         0     0.286       236       640    0.9202    0.8891    0.9417    0.5238   0.03772    0.1868         0
     42/99    0.828G   0.04143    0.2479         0    0.2893       248       640    0.9252    0.8818    0.9413    0.5216    0.0378    0.1866         0
     43/99    0.828G   0.04117    0.2464         0    0.2875       353       640    0.9276    0.8819    0.9416    0.5232   0.03772    0.1864         0
     44/99    0.828G   0.04113    0.2437         0    0.2849       354       640    0.9294    0.8788    0.9419     0.526   0.03768    0.1865         0
     45/99    0.828G   0.04105    0.2481         0    0.2891       135       640    0.9309    0.8821    0.9432    0.5256   0.03758    0.1863         0
     46/99    0.828G   0.04117      0.25         0    0.2912       156       640    0.9264    0.8855    0.9429     0.525   0.03758    0.1859         0
     47/99    0.828G   0.04094    0.2468         0    0.2878       243       640     0.921    0.8928    0.9427    0.5249   0.03762    0.1861         0
     48/99    0.828G   0.04064     0.243         0    0.2836       254       640    0.9315    0.8869    0.9432    0.5271   0.03748    0.1854         0
     49/99    0.828G   0.04068    0.2445         0    0.2851       172       640    0.9351    0.8811     0.944    0.5279   0.03742    0.1854         0
     50/99    0.828G   0.04053    0.2429         0    0.2834       235       640    0.9278    0.8863    0.9423    0.5288   0.03736    0.1853         0
     51/99    0.828G   0.04044    0.2432         0    0.2836       259       640    0.9247    0.8882    0.9434    0.5299   0.03736    0.1856         0
     52/99    0.828G   0.04037    0.2414         0    0.2818       127       640     0.927    0.8858    0.9419    0.5295   0.03731    0.1854         0
     53/99    0.828G   0.04059    0.2465         0    0.2871       243       640    0.9268    0.8874     0.943    0.5287   0.03747    0.1852         0
     54/99    0.828G    0.0403    0.2422         0    0.2825       414       640     0.924    0.8912    0.9436    0.5291    0.0373     0.185         0
     55/99    0.828G   0.04018    0.2418         0     0.282       200       640    0.9288    0.8916    0.9458    0.5319   0.03723    0.1851         0
     56/99    0.828G   0.04006    0.2402         0    0.2802       210       640    0.9281    0.8875    0.9439    0.5298   0.03729    0.1849         0
     57/99    0.828G   0.04008    0.2399         0      0.28       229       640    0.9253    0.8907    0.9444    0.5289   0.03733    0.1855         0
     58/99    0.828G    0.0399    0.2402         0    0.2801       161       640    0.9308    0.8856    0.9446    0.5318   0.03712    0.1847         0
     59/99    0.828G   0.04001    0.2358         0    0.2758       188       640     0.926    0.8922    0.9439    0.5311   0.03722    0.1847         0
     60/99    0.828G   0.04014    0.2435         0    0.2836       131       640    0.9267    0.8899    0.9444    0.5327   0.03705    0.1846         0
     61/99    0.828G   0.04011    0.2455         0    0.2856       243       640    0.9268    0.8914     0.945    0.5346   0.03705    0.1841         0
     62/99    0.828G   0.04001    0.2395         0    0.2795       160       640    0.9293    0.8888    0.9453    0.5338   0.03703    0.1843         0
     63/99    0.828G   0.03969    0.2367         0    0.2764       195       640    0.9201    0.8989    0.9469    0.5343   0.03703     0.184         0
     64/99    0.828G   0.03976    0.2399         0    0.2797       199       640    0.9251    0.8928    0.9449    0.5336   0.03704    0.1841         0
     65/99    0.828G   0.03986     0.244         0    0.2838       268       640    0.9301    0.8916    0.9459    0.5349   0.03693    0.1838         0
     66/99    0.828G   0.03979    0.2379         0    0.2777       228       640    0.9212    0.8961     0.944    0.5334     0.037    0.1843         0
     67/99    0.828G   0.03982     0.239         0    0.2788       399       640    0.9295    0.8909    0.9458    0.5366   0.03684    0.1833         0
     68/99    0.828G   0.03966    0.2357         0    0.2753       360       640     0.929    0.8909    0.9458    0.5356   0.03687    0.1838         0
     69/99    0.828G   0.03967    0.2386         0    0.2783       168       640    0.9375    0.8849    0.9455    0.5339   0.03696     0.184         0
     70/99    0.828G   0.03969    0.2407         0    0.2804       148       640     0.931    0.8886    0.9457    0.5351   0.03696    0.1837         0
     71/99    0.828G   0.03969    0.2386         0    0.2783       277       640    0.9298    0.8912    0.9444    0.5339   0.03697    0.1838         0
     72/99    0.828G   0.03923    0.2364         0    0.2756       189       640    0.9306    0.8912    0.9463    0.5335   0.03692    0.1845         0
     73/99    0.828G   0.03952    0.2405         0      0.28       170       640    0.9303    0.8918     0.946    0.5351   0.03689    0.1838         0
     74/99    0.828G   0.03926    0.2339         0    0.2732       243       640    0.9307     0.889    0.9457    0.5355   0.03685     0.184         0
     75/99    0.828G   0.03922    0.2387         0    0.2779       187       640    0.9268    0.8946    0.9443    0.5361    0.0369    0.1837         0
     76/99    0.828G   0.03925    0.2384         0    0.2776       297       640    0.9239    0.8985    0.9452    0.5375   0.03677    0.1835         0
     77/99    0.828G   0.03893    0.2334         0    0.2723       271       640    0.9316    0.8902    0.9461    0.5348   0.03693    0.1839         0
     78/99    0.828G    0.0393    0.2363         0    0.2756       107       640    0.9341    0.8885    0.9445    0.5361   0.03678    0.1837         0
     79/99    0.828G   0.03918    0.2388         0     0.278       322       640    0.9361    0.8896    0.9464     0.536    0.0368    0.1833         0
     80/99    0.828G   0.03911    0.2349         0    0.2741       104       640    0.9333    0.8915    0.9467     0.536   0.03684     0.184         0
     81/99    0.828G   0.03885    0.2304         0    0.2692       240       640    0.9279    0.8969    0.9471    0.5376   0.03672    0.1837         0
     82/99    0.828G   0.03912    0.2369         0    0.2761       119       640    0.9336    0.8913    0.9465    0.5375   0.03674    0.1833         0
     83/99    0.828G   0.03898    0.2335         0    0.2724       192       640    0.9325    0.8935    0.9462    0.5361   0.03678    0.1837         0
     84/99    0.828G   0.03898    0.2359         0    0.2749       305       640    0.9355    0.8918    0.9466    0.5375   0.03675    0.1836         0
     85/99    0.828G     0.039    0.2343         0    0.2733        96       640    0.9305    0.8937    0.9462    0.5387   0.03666    0.1834         0
     86/99    0.828G   0.03907    0.2369         0    0.2759       110       640    0.9337    0.8897    0.9466    0.5376   0.03672    0.1834         0
     87/99    0.828G   0.03877    0.2338         0    0.2726       331       640    0.9423    0.8809    0.9462     0.538    0.0367    0.1834         0
     88/99    0.828G   0.03894     0.234         0     0.273       147       640    0.9368    0.8895    0.9465    0.5381   0.03671    0.1835         0
     89/99    0.828G   0.03876    0.2343         0    0.2731       187       640    0.9346    0.8926    0.9473    0.5378   0.03669    0.1835         0
     90/99    0.828G   0.03904    0.2352         0    0.2742       149       640    0.9337    0.8926    0.9465    0.5383   0.03667    0.1833         0
     91/99    0.828G   0.03887     0.232         0    0.2708       238       640    0.9343    0.8905    0.9464    0.5371   0.03666    0.1834         0
     92/99    0.828G   0.03883    0.2324         0    0.2712       177       640     0.931     0.895    0.9465    0.5379   0.03663    0.1833         0
     93/99    0.828G   0.03888    0.2373         0    0.2762       153       640    0.9314     0.896     0.946    0.5384   0.03661    0.1833         0
     94/99    0.828G   0.03871    0.2366         0    0.2753       133       640    0.9331    0.8928     0.946    0.5382   0.03666    0.1835         0
     95/99    0.828G   0.03861    0.2313         0    0.2699       170       640    0.9333    0.8927    0.9461    0.5396   0.03659     0.183         0
     96/99    0.828G   0.03849    0.2329         0    0.2714       202       640    0.9283    0.8963    0.9451     0.538   0.03663    0.1835         0
     97/99    0.828G   0.03873    0.2332         0    0.2719       228       640    0.9348    0.8918    0.9459    0.5391   0.03661    0.1831         0
     98/99    0.828G   0.03862    0.2315         0    0.2702       316       640    0.9323    0.8946    0.9466    0.5386   0.03663    0.1835         0
     99/99    0.828G   0.03887    0.2341         0     0.273       224       640    0.9293    0.8965    0.9454    0.5403   0.03653    0.1831         0
